20260407 40
20260408 70
20260409 30
20260410 30
20260413 40
20260414 60
20260415 50
20260416 80
20260417 70
20260420 80
20260421 40
20260422 50
20260423 30
20260424 20
20260427 30
20260428 30
20260429 80
20260430 60
20260506 80
20260507 70
20260508 60
20260511 60
20260512 30
20260513 80
20260514 20
20260515 10
20260518 30
20260519 60
20260520 30
20260521 0
20260522 60
20260525 70
20260526 30
20260527 10
20260528 40
20260529 10
20260601 10
20260602 20
20260603 40
20260604 40
20260605 10
20260608 10
20260609 40
20260610 30
20260611 10
20260612 30
20260615 70
20260616 60
20260617 60
20260618 50
20260622 80
20260623 30
20260624 50
20260625 50
20260626 10
20260629 40
20260630 70
20260701 80
20260702 40
20260703 50
20260706 10
20260707 0
20260708 10
20260709 60
20260710 20
20260713 0
20260714 40
20260715 30
20260716 10
20260717 0
20260720 0
20260721 60
20260722 30
20260723 50
20260724 20
20260727 60
20260728 30
20260729 50
20260730 30
20260731 60
20260803 50
20260804 80
20260805 60
20260806 50
20260807 50
20260810 70
20260811 50
20260812 70
20260813 40
20260814 30
20260817 60
20260818 40
20260819 10
20260820 40
20260821 20
20260824 10
20260825 20
